[?1049h[?1000h[?1003h[?1015h[?1006h[?25l[?1004h[>1u[?2048$p[?2004h[?7l[?1000h[?1003h[?1015h[?1006h]22;default[1;1H[48;2;36;47;56m [0m[38;2;224;224;224;48;2;36;47;56m⭘[0m[38;2;224;224;224;48;2;36;47;56m     [0m[48;2;36;47;56m [0m[38;2;224;224;224;48;2;36;47;56m                          [0m[38;2;224;224;224;48;2;36;47;56mAgenticIDE[0m[38;2;224;224;224;48;2;36;47;56m                          [0m[48;2;36;47;56m [0m[38;2;224;224;224;48;2;36;47;56m[0m[48;2;36;47;56m        [0m[48;2;36;47;56m [0m
[2;1H[38;2;52;152;219;48;2;37;37;38m┌[0m[38;2;52;152;219;48;2;37;37;38m──────────────────────────────────────[0m[38;2;52;152;219;48;2;37;37;38m┐[0m[38;2;46;204;113;48;2;45;45;45m┌[0m[38;2;46;204;113;48;2;45;45;45m──────────────────────────────────────[0m[38;2;46;204;113;48;2;45;45;45m┐[0m
[3;1H[38;2;52;152;219;48;2;37;37;38m│[0m[48;2;37;37;38m                                      [0m[38;2;52;152;219;48;2;37;37;38m│[0m[38;2;46;204;113;48;2;45;45;45m│[0m[48;2;45;45;45m                                      [0m[38;2;46;204;113;48;2;45;45;45m│[0m
[4;1H[38;2;52;152;219;48;2;37;37;38m│[0m[48;2;37;37;38m [0m[1;38;2;224;224;224;48;2;51;51;51m             [0m[1;38;2;224;224;224;48;2;51;51;51mChat Panel[0m[1;38;2;224;224;224;48;2;51;51;51m             [0m[48;2;37;37;38m [0m[38;2;52;152;219;48;2;37;37;38m│[0m[38;2;46;204;113;48;2;45;45;45m│[0m[48;2;45;45;45m [0m[1;38;2;224;224;224;48;2;51;51;51m             [0m[1;38;2;224;224;224;48;2;51;51;51mWork Panel[0m[1;38;2;224;224;224;48;2;51;51;51m             [0m[48;2;45;45;45m [0m[38;2;46;204;113;48;2;45;45;45m│[0m
[5;1H[38;2;52;152;219;48;2;37;37;38m│[0m[48;2;37;37;38m [0m[38;2;224;224;224;48;2;37;37;38m                                    [0m[48;2;37;37;38m [0m[38;2;52;152;219;48;2;37;37;38m│[0m[38;2;46;204;113;48;2;45;45;45m│[0m[48;2;45;45;45m [0m[38;2;224;224;224;48;2;45;45;45m                                    [0m[48;2;45;45;45m [0m[38;2;46;204;113;48;2;45;45;45m│[0m
[6;1H[38;2;52;152;219;48;2;37;37;38m│[0m[48;2;37;37;38m [0m[38;2;224;224;224;48;2;37;37;38mMessages will appear here...[0m[48;2;37;37;38m        [0m[48;2;37;37;38m [0m[38;2;52;152;219;48;2;37;37;38m│[0m[38;2;46;204;113;48;2;45;45;45m│[0m[48;2;45;45;45m [0m[38;2;224;224;224;48;2;45;45;45mCode and outputs will appear here...[0m[48;2;45;45;45m [0m[38;2;46;204;113;48;2;45;45;45m│[0m
[7;1H[38;2;52;152;219;48;2;37;37;38m│[0m[48;2;37;37;38m [0m[38;2;224;224;224;48;2;37;37;38m                                    [0m[48;2;37;37;38m [0m[38;2;52;152;219;48;2;37;37;38m│[0m[38;2;46;204;113;48;2;45;45;45m│[0m[48;2;45;45;45m [0m[38;2;224;224;224;48;2;45;45;45m                                    [0m[48;2;45;45;45m [0m[38;2;46;204;113;48;2;45;45;45m│[0m
[8;1H[38;2;52;152;219;48;2;37;37;38m│[0m[48;2;37;37;38m [0m[38;2;224;224;224;48;2;37;37;38m                                    [0m[48;2;37;37;38m [0m[38;2;52;152;219;48;2;37;37;38m│[0m[38;2;46;204;113;48;2;45;45;45m│[0m[48;2;45;45;45m [0m[38;2;224;224;224;48;2;45;45;45m                                    [0m[48;2;45;45;45m [0m[38;2;46;204;113;48;2;45;45;45m│[0m
[9;1H[38;2;52;152;219;48;2;37;37;38m│[0m[48;2;37;37;38m [0m[38;2;224;224;224;48;2;37;37;38m                                    [0m[48;2;37;37;38m [0m[38;2;52;152;219;48;2;37;37;38m│[0m[38;2;46;204;113;48;2;45;45;45m│[0m[48;2;45;45;45m [0m[38;2;224;224;224;48;2;45;45;45m                                    [0m[48;2;45;45;45m [0m[38;2;46;204;113;48;2;45;45;45m│[0m
[10;1H[38;2;52;152;219;48;2;37;37;38m│[0m[48;2;37;37;38m [0m[38;2;224;224;224;48;2;37;37;38m                                    [0m[48;2;37;37;38m [0m[38;2;52;152;219;48;2;37;37;38m│[0m[38;2;46;204;113;48;2;45;45;45m│[0m[48;2;45;45;45m [0m[38;2;224;224;224;48;2;45;45;45m                                    [0m[48;2;45;45;45m [0m[38;2;46;204;113;48;2;45;45;45m│[0m
[11;1H[38;2;52;152;219;48;2;37;37;38m│[0m[48;2;37;37;38m [0m[38;2;224;224;224;48;2;37;37;38m                                    [0m[48;2;37;37;38m [0m[38;2;52;152;219;48;2;37;37;38m│[0m[38;2;46;204;113;48;2;45;45;45m│[0m[48;2;45;45;45m [0m[38;2;224;224;224;48;2;45;45;45m                                    [0m[48;2;45;45;45m [0m[38;2;46;204;113;48;2;45;45;45m│[0m
[12;1H[38;2;52;152;219;48;2;37;37;38m│[0m[48;2;37;37;38m [0m[38;2;224;224;224;48;2;37;37;38m                                    [0m[48;2;37;37;38m [0m[38;2;52;152;219;48;2;37;37;38m│[0m[38;2;46;204;113;48;2;45;45;45m│[0m[48;2;45;45;45m [0m[38;2;224;224;224;48;2;45;45;45m                                    [0m[48;2;45;45;45m [0m[38;2;46;204;113;48;2;45;45;45m│[0m
[13;1H[38;2;52;152;219;48;2;37;37;38m│[0m[48;2;37;37;38m [0m[38;2;224;224;224;48;2;37;37;38m                                    [0m[48;2;37;37;38m [0m[38;2;52;152;219;48;2;37;37;38m│[0m[38;2;46;204;113;48;2;45;45;45m│[0m[48;2;45;45;45m [0m[38;2;224;224;224;48;2;45;45;45m                                    [0m[48;2;45;45;45m [0m[38;2;46;204;113;48;2;45;45;45m│[0m
[14;1H[38;2;52;152;219;48;2;37;37;38m│[0m[48;2;37;37;38m [0m[38;2;224;224;224;48;2;37;37;38m                                    [0m[48;2;37;37;38m [0m[38;2;52;152;219;48;2;37;37;38m│[0m[38;2;46;204;113;48;2;45;45;45m│[0m[48;2;45;45;45m [0m[38;2;224;224;224;48;2;45;45;45m                                    [0m[48;2;45;45;45m [0m[38;2;46;204;113;48;2;45;45;45m│[0m
[15;1H[38;2;52;152;219;48;2;37;37;38m│[0m[48;2;37;37;38m [0m[38;2;224;224;224;48;2;37;37;38m                                    [0m[48;2;37;37;38m [0m[38;2;52;152;219;48;2;37;37;38m│[0m[38;2;46;204;113;48;2;45;45;45m│[0m[48;2;45;45;45m [0m[38;2;224;224;224;48;2;45;45;45m                                    [0m[48;2;45;45;45m [0m[38;2;46;204;113;48;2;45;45;45m│[0m
[16;1H[38;2;52;152;219;48;2;37;37;38m│[0m[48;2;37;37;38m [0m[38;2;224;224;224;48;2;37;37;38m                                    [0m[48;2;37;37;38m [0m[38;2;52;152;219;48;2;37;37;38m│[0m[38;2;46;204;113;48;2;45;45;45m│[0m[48;2;45;45;45m [0m[38;2;224;224;224;48;2;45;45;45m                                    [0m[48;2;45;45;45m [0m[38;2;46;204;113;48;2;45;45;45m│[0m
[17;1H[38;2;52;152;219;48;2;37;37;38m│[0m[48;2;37;37;38m [0m[38;2;224;224;224;48;2;37;37;38m                                    [0m[48;2;37;37;38m [0m[38;2;52;152;219;48;2;37;37;38m│[0m[38;2;46;204;113;48;2;45;45;45m│[0m[48;2;45;45;45m [0m[38;2;224;224;224;48;2;45;45;45m                                    [0m[48;2;45;45;45m [0m[38;2;46;204;113;48;2;45;45;45m│[0m
[18;1H[38;2;52;152;219;48;2;37;37;38m│[0m[48;2;37;37;38m [0m[38;2;224;224;224;48;2;37;37;38m                                    [0m[48;2;37;37;38m [0m[38;2;52;152;219;48;2;37;37;38m│[0m[38;2;46;204;113;48;2;45;45;45m│[0m[48;2;45;45;45m [0m[38;2;224;224;224;48;2;45;45;45m                                    [0m[48;2;45;45;45m [0m[38;2;46;204;113;48;2;45;45;45m│[0m
[19;1H[38;2;52;152;219;48;2;37;37;38m│[0m[48;2;37;37;38m [0m[38;2;224;224;224;48;2;37;37;38m                                    [0m[48;2;37;37;38m [0m[38;2;52;152;219;48;2;37;37;38m│[0m[38;2;46;204;113;48;2;45;45;45m│[0m[48;2;45;45;45m [0m[38;2;224;224;224;48;2;45;45;45m                                    [0m[48;2;45;45;45m [0m[38;2;46;204;113;48;2;45;45;45m│[0m
[20;1H[38;2;52;152;219;48;2;37;37;38m│[0m[48;2;37;37;38m [0m[38;2;224;224;224;48;2;37;37;38m                                    [0m[48;2;37;37;38m [0m[38;2;52;152;219;48;2;37;37;38m│[0m[38;2;46;204;113;48;2;45;45;45m│[0m[48;2;45;45;45m [0m[38;2;224;224;224;48;2;45;45;45m                                    [0m[48;2;45;45;45m [0m[38;2;46;204;113;48;2;45;45;45m│[0m
[21;1H[38;2;52;152;219;48;2;37;37;38m│[0m[48;2;37;37;38m [0m[38;2;224;224;224;48;2;37;37;38m                                    [0m[48;2;37;37;38m [0m[38;2;52;152;219;48;2;37;37;38m│[0m[38;2;46;204;113;48;2;45;45;45m│[0m[48;2;45;45;45m [0m[38;2;224;224;224;48;2;45;45;45m                                    [0m[48;2;45;45;45m [0m[38;2;46;204;113;48;2;45;45;45m│[0m
[22;1H[38;2;52;152;219;48;2;37;37;38m│[0m[48;2;37;37;38m                                      [0m[38;2;52;152;219;48;2;37;37;38m│[0m[38;2;46;204;113;48;2;45;45;45m│[0m[48;2;45;45;45m                                      [0m[38;2;46;204;113;48;2;45;45;45m│[0m
[23;1H[38;2;52;152;219;48;2;37;37;38m└[0m[38;2;52;152;219;48;2;37;37;38m──────────────────────────────────────[0m[38;2;52;152;219;48;2;37;37;38m┘[0m[38;2;46;204;113;48;2;45;45;45m└[0m[38;2;46;204;113;48;2;45;45;45m──────────────────────────────────────[0m[38;2;46;204;113;48;2;45;45;45m┘[0m
[24;1H[48;2;36;47;56m                                                                                [0m[1;1H[1;1H[48;2;36;47;56m [0m[38;2;224;224;224;48;2;36;47;56m⭘[0m[38;2;224;224;224;48;2;36;47;56m     [0m[48;2;36;47;56m [0m[38;2;224;224;224;48;2;36;47;56m                          [0m[38;2;224;224;224;48;2;36;47;56mAgenticIDE[0m[38;2;224;224;224;48;2;36;47;56m                          [0m[48;2;36;47;56m [0m[38;2;224;224;224;48;2;36;47;56m[0m[48;2;36;47;56m        [0m[48;2;36;47;56m [0m
[2;1H[38;2;52;152;219;48;2;37;37;38m┌[0m[38;2;52;152;219;48;2;37;37;38m──────────────────────────────────────[0m[38;2;52;152;219;48;2;37;37;38m┐[0m[38;2;46;204;113;48;2;45;45;45m┌[0m[38;2;46;204;113;48;2;45;45;45m──────────────────────────────────────[0m[38;2;46;204;113;48;2;45;45;45m┐[0m
[3;1H[38;2;52;152;219;48;2;37;37;38m│[0m[48;2;37;37;38m                                      [0m[38;2;52;152;219;48;2;37;37;38m│[0m[38;2;46;204;113;48;2;45;45;45m│[0m[48;2;45;45;45m                                      [0m[38;2;46;204;113;48;2;45;45;45m│[0m
[4;1H[38;2;52;152;219;48;2;37;37;38m│[0m[48;2;37;37;38m [0m[1;38;2;224;224;224;48;2;51;51;51m             [0m[1;38;2;224;224;224;48;2;51;51;51mChat Panel[0m[1;38;2;224;224;224;48;2;51;51;51m             [0m[48;2;37;37;38m [0m[38;2;52;152;219;48;2;37;37;38m│[0m[38;2;46;204;113;48;2;45;45;45m│[0m[48;2;45;45;45m [0m[1;38;2;224;224;224;48;2;51;51;51m             [0m[1;38;2;224;224;224;48;2;51;51;51mWork Panel[0m[1;38;2;224;224;224;48;2;51;51;51m             [0m[48;2;45;45;45m [0m[38;2;46;204;113;48;2;45;45;45m│[0m
[5;1H[38;2;52;152;219;48;2;37;37;38m│[0m[48;2;37;37;38m [0m[38;2;224;224;224;48;2;37;37;38m                                    [0m[48;2;37;37;38m [0m[38;2;52;152;219;48;2;37;37;38m│[0m[38;2;46;204;113;48;2;45;45;45m│[0m[48;2;45;45;45m [0m[38;2;224;224;224;48;2;45;45;45m                                    [0m[48;2;45;45;45m [0m[38;2;46;204;113;48;2;45;45;45m│[0m
[6;1H[38;2;52;152;219;48;2;37;37;38m│[0m[48;2;37;37;38m [0m[38;2;224;224;224;48;2;37;37;38mMessages will appear here...[0m[48;2;37;37;38m        [0m[48;2;37;37;38m [0m[38;2;52;152;219;48;2;37;37;38m│[0m[38;2;46;204;113;48;2;45;45;45m│[0m[48;2;45;45;45m [0m[38;2;224;224;224;48;2;45;45;45mCode and outputs will appear here...[0m[48;2;45;45;45m [0m[38;2;46;204;113;48;2;45;45;45m│[0m
[7;1H[38;2;52;152;219;48;2;37;37;38m│[0m[48;2;37;37;38m [0m[38;2;224;224;224;48;2;37;37;38m                                    [0m[48;2;37;37;38m [0m[38;2;52;152;219;48;2;37;37;38m│[0m[38;2;46;204;113;48;2;45;45;45m│[0m[48;2;45;45;45m [0m[38;2;224;224;224;48;2;45;45;45m                                    [0m[48;2;45;45;45m [0m[38;2;46;204;113;48;2;45;45;45m│[0m
[8;1H[38;2;52;152;219;48;2;37;37;38m│[0m[48;2;37;37;38m [0m[38;2;224;224;224;48;2;37;37;38m                                    [0m[48;2;37;37;38m [0m[38;2;52;152;219;48;2;37;37;38m│[0m[38;2;46;204;113;48;2;45;45;45m│[0m[48;2;45;45;45m [0m[38;2;224;224;224;48;2;45;45;45m                                    [0m[48;2;45;45;45m [0m[38;2;46;204;113;48;2;45;45;45m│[0m
[9;1H[38;2;52;152;219;48;2;37;37;38m│[0m[48;2;37;37;38m [0m[38;2;224;224;224;48;2;37;37;38m                                    [0m[48;2;37;37;38m [0m[38;2;52;152;219;48;2;37;37;38m│[0m[38;2;46;204;113;48;2;45;45;45m│[0m[48;2;45;45;45m [0m[38;2;224;224;224;48;2;45;45;45m                                    [0m[48;2;45;45;45m [0m[38;2;46;204;113;48;2;45;45;45m│[0m
[10;1H[38;2;52;152;219;48;2;37;37;38m│[0m[48;2;37;37;38m [0m[38;2;224;224;224;48;2;37;37;38m                                    [0m[48;2;37;37;38m [0m[38;2;52;152;219;48;2;37;37;38m│[0m[38;2;46;204;113;48;2;45;45;45m│[0m[48;2;45;45;45m [0m[38;2;224;224;224;48;2;45;45;45m                                    [0m[48;2;45;45;45m [0m[38;2;46;204;113;48;2;45;45;45m│[0m
[11;1H[38;2;52;152;219;48;2;37;37;38m│[0m[48;2;37;37;38m [0m[38;2;224;224;224;48;2;37;37;38m                                    [0m[48;2;37;37;38m [0m[38;2;52;152;219;48;2;37;37;38m│[0m[38;2;46;204;113;48;2;45;45;45m│[0m[48;2;45;45;45m [0m[38;2;224;224;224;48;2;45;45;45m                                    [0m[48;2;45;45;45m [0m[38;2;46;204;113;48;2;45;45;45m│[0m
[12;1H[38;2;52;152;219;48;2;37;37;38m│[0m[48;2;37;37;38m [0m[38;2;224;224;224;48;2;37;37;38m                                    [0m[48;2;37;37;38m [0m[38;2;52;152;219;48;2;37;37;38m│[0m[38;2;46;204;113;48;2;45;45;45m│[0m[48;2;45;45;45m [0m[38;2;224;224;224;48;2;45;45;45m                                    [0m[48;2;45;45;45m [0m[38;2;46;204;113;48;2;45;45;45m│[0m
[13;1H[38;2;52;152;219;48;2;37;37;38m│[0m[48;2;37;37;38m [0m[38;2;224;224;224;48;2;37;37;38m                                    [0m[48;2;37;37;38m [0m[38;2;52;152;219;48;2;37;37;38m│[0m[38;2;46;204;113;48;2;45;45;45m│[0m[48;2;45;45;45m [0m[38;2;224;224;224;48;2;45;45;45m                                    [0m[48;2;45;45;45m [0m[38;2;46;204;113;48;2;45;45;45m│[0m
[14;1H[38;2;52;152;219;48;2;37;37;38m│[0m[48;2;37;37;38m [0m[38;2;224;224;224;48;2;37;37;38m                                    [0m[48;2;37;37;38m [0m[38;2;52;152;219;48;2;37;37;38m│[0m[38;2;46;204;113;48;2;45;45;45m│[0m[48;2;45;45;45m [0m[38;2;224;224;224;48;2;45;45;45m                                    [0m[48;2;45;45;45m [0m[38;2;46;204;113;48;2;45;45;45m│[0m
[15;1H[38;2;52;152;219;48;2;37;37;38m│[0m[48;2;37;37;38m [0m[38;2;224;224;224;48;2;37;37;38m                                    [0m[48;2;37;37;38m [0m[38;2;52;152;219;48;2;37;37;38m│[0m[38;2;46;204;113;48;2;45;45;45m│[0m[48;2;45;45;45m [0m[38;2;224;224;224;48;2;45;45;45m                                    [0m[48;2;45;45;45m [0m[38;2;46;204;113;48;2;45;45;45m│[0m
[16;1H[38;2;52;152;219;48;2;37;37;38m│[0m[48;2;37;37;38m [0m[38;2;224;224;224;48;2;37;37;38m                                    [0m[48;2;37;37;38m [0m[38;2;52;152;219;48;2;37;37;38m│[0m[38;2;46;204;113;48;2;45;45;45m│[0m[48;2;45;45;45m [0m[38;2;224;224;224;48;2;45;45;45m                                    [0m[48;2;45;45;45m [0m[38;2;46;204;113;48;2;45;45;45m│[0m
[17;1H[38;2;52;152;219;48;2;37;37;38m│[0m[48;2;37;37;38m [0m[38;2;224;224;224;48;2;37;37;38m                                    [0m[48;2;37;37;38m [0m[38;2;52;152;219;48;2;37;37;38m│[0m[38;2;46;204;113;48;2;45;45;45m│[0m[48;2;45;45;45m [0m[38;2;224;224;224;48;2;45;45;45m                                    [0m[48;2;45;45;45m [0m[38;2;46;204;113;48;2;45;45;45m│[0m
[18;1H[38;2;52;152;219;48;2;37;37;38m│[0m[48;2;37;37;38m [0m[38;2;224;224;224;48;2;37;37;38m                                    [0m[48;2;37;37;38m [0m[38;2;52;152;219;48;2;37;37;38m│[0m[38;2;46;204;113;48;2;45;45;45m│[0m[48;2;45;45;45m [0m[38;2;224;224;224;48;2;45;45;45m                                    [0m[48;2;45;45;45m [0m[38;2;46;204;113;48;2;45;45;45m│[0m
[19;1H[38;2;52;152;219;48;2;37;37;38m│[0m[48;2;37;37;38m [0m[38;2;224;224;224;48;2;37;37;38m                                    [0m[48;2;37;37;38m [0m[38;2;52;152;219;48;2;37;37;38m│[0m[38;2;46;204;113;48;2;45;45;45m│[0m[48;2;45;45;45m [0m[38;2;224;224;224;48;2;45;45;45m                                    [0m[48;2;45;45;45m [0m[38;2;46;204;113;48;2;45;45;45m│[0m
[20;1H[38;2;52;152;219;48;2;37;37;38m│[0m[48;2;37;37;38m [0m[38;2;224;224;224;48;2;37;37;38m                                    [0m[48;2;37;37;38m [0m[38;2;52;152;219;48;2;37;37;38m│[0m[38;2;46;204;113;48;2;45;45;45m│[0m[48;2;45;45;45m [0m[38;2;224;224;224;48;2;45;45;45m                                    [0m[48;2;45;45;45m [0m[38;2;46;204;113;48;2;45;45;45m│[0m
[21;1H[38;2;52;152;219;48;2;37;37;38m│[0m[48;2;37;37;38m [0m[38;2;224;224;224;48;2;37;37;38m                                    [0m[48;2;37;37;38m [0m[38;2;52;152;219;48;2;37;37;38m│[0m[38;2;46;204;113;48;2;45;45;45m│[0m[48;2;45;45;45m [0m[38;2;224;224;224;48;2;45;45;45m                                    [0m[48;2;45;45;45m [0m[38;2;46;204;113;48;2;45;45;45m│[0m
[22;1H[38;2;52;152;219;48;2;37;37;38m│[0m[48;2;37;37;38m [0m[38;2;224;224;224;48;2;37;37;38m                                    [0m[48;2;37;37;38m [0m[38;2;52;152;219;48;2;37;37;38m│[0m[38;2;46;204;113;48;2;45;45;45m│[0m[48;2;45;45;45m [0m[38;2;224;224;224;48;2;45;45;45m                                    [0m[48;2;45;45;45m [0m[38;2;46;204;113;48;2;45;45;45m│[0m
[23;1H[38;2;52;152;219;48;2;37;37;38m│[0m[48;2;37;37;38m                                      [0m[38;2;52;152;219;48;2;37;37;38m│[0m[38;2;46;204;113;48;2;45;45;45m│[0m[48;2;45;45;45m                                      [0m[38;2;46;204;113;48;2;45;45;45m│[0m
[24;1H[38;2;52;152;219;48;2;37;37;38m└[0m[38;2;52;152;219;48;2;37;37;38m──────────────────────────────────────[0m[38;2;52;152;219;48;2;37;37;38m┘[0m[38;2;46;204;113;48;2;45;45;45m└[0m[38;2;46;204;113;48;2;45;45;45m──────────────────────────────────────[0m[38;2;46;204;113;48;2;45;45;45m┘[0m
[25;1H[48;2;36;47;56m                                                                                [0m[1;1H[1;1H[48;2;36;47;56m [0m[38;2;224;224;224;48;2;36;47;56m⭘[0m[38;2;224;224;224;48;2;36;47;56m     [0m[48;2;36;47;56m [0m[38;2;224;224;224;48;2;36;47;56m                          [0m[38;2;224;224;224;48;2;36;47;56mAgenticIDE[0m[38;2;224;224;224;48;2;36;47;56m                          [0m[48;2;36;47;56m [0m[38;2;224;224;224;48;2;36;47;56m[0m[48;2;36;47;56m        [0m[48;2;36;47;56m [0m
[2;1H[38;2;52;152;219;48;2;37;37;38m┌[0m[38;2;52;152;219;48;2;37;37;38m──────────────────────────────────────[0m[38;2;52;152;219;48;2;37;37;38m┐[0m[38;2;46;204;113;48;2;45;45;45m┌[0m[38;2;46;204;113;48;2;45;45;45m──────────────────────────────────────[0m[38;2;46;204;113;48;2;45;45;45m┐[0m
[3;1H[38;2;52;152;219;48;2;37;37;38m│[0m[48;2;37;37;38m                                      [0m[38;2;52;152;219;48;2;37;37;38m│[0m[38;2;46;204;113;48;2;45;45;45m│[0m[48;2;45;45;45m                                      [0m[38;2;46;204;113;48;2;45;45;45m│[0m
[4;1H[38;2;52;152;219;48;2;37;37;38m│[0m[48;2;37;37;38m [0m[1;38;2;224;224;224;48;2;51;51;51m             [0m[1;38;2;224;224;224;48;2;51;51;51mChat Panel[0m[1;38;2;224;224;224;48;2;51;51;51m             [0m[48;2;37;37;38m [0m[38;2;52;152;219;48;2;37;37;38m│[0m[38;2;46;204;113;48;2;45;45;45m│[0m[48;2;45;45;45m [0m[1;38;2;224;224;224;48;2;51;51;51m             [0m[1;38;2;224;224;224;48;2;51;51;51mWork Panel[0m[1;38;2;224;224;224;48;2;51;51;51m             [0m[48;2;45;45;45m [0m[38;2;46;204;113;48;2;45;45;45m│[0m
[5;1H[38;2;52;152;219;48;2;37;37;38m│[0m[48;2;37;37;38m [0m[38;2;224;224;224;48;2;37;37;38m                                    [0m[48;2;37;37;38m [0m[38;2;52;152;219;48;2;37;37;38m│[0m[38;2;46;204;113;48;2;45;45;45m│[0m[48;2;45;45;45m [0m[38;2;224;224;224;48;2;45;45;45m                                    [0m[48;2;45;45;45m [0m[38;2;46;204;113;48;2;45;45;45m│[0m
[6;1H[38;2;52;152;219;48;2;37;37;38m│[0m[48;2;37;37;38m [0m[38;2;224;224;224;48;2;37;37;38mMessages will appear here...[0m[48;2;37;37;38m        [0m[48;2;37;37;38m [0m[38;2;52;152;219;48;2;37;37;38m│[0m[38;2;46;204;113;48;2;45;45;45m│[0m[48;2;45;45;45m [0m[38;2;224;224;224;48;2;45;45;45mCode and outputs will appear here...[0m[48;2;45;45;45m [0m[38;2;46;204;113;48;2;45;45;45m│[0m
[7;1H[38;2;52;152;219;48;2;37;37;38m│[0m[48;2;37;37;38m [0m[38;2;224;224;224;48;2;37;37;38m                                    [0m[48;2;37;37;38m [0m[38;2;52;152;219;48;2;37;37;38m│[0m[38;2;46;204;113;48;2;45;45;45m│[0m[48;2;45;45;45m [0m[38;2;224;224;224;48;2;45;45;45m                                    [0m[48;2;45;45;45m [0m[38;2;46;204;113;48;2;45;45;45m│[0m
[8;1H[38;2;52;152;219;48;2;37;37;38m│[0m[48;2;37;37;38m [0m[38;2;224;224;224;48;2;37;37;38m                                    [0m[48;2;37;37;38m [0m[38;2;52;152;219;48;2;37;37;38m│[0m[38;2;46;204;113;48;2;45;45;45m│[0m[48;2;45;45;45m [0m[38;2;224;224;224;48;2;45;45;45m                                    [0m[48;2;45;45;45m [0m[38;2;46;204;113;48;2;45;45;45m│[0m
[9;1H[38;2;52;152;219;48;2;37;37;38m│[0m[48;2;37;37;38m [0m[38;2;224;224;224;48;2;37;37;38m                                    [0m[48;2;37;37;38m [0m[38;2;52;152;219;48;2;37;37;38m│[0m[38;2;46;204;113;48;2;45;45;45m│[0m[48;2;45;45;45m [0m[38;2;224;224;224;48;2;45;45;45m                                    [0m[48;2;45;45;45m [0m[38;2;46;204;113;48;2;45;45;45m│[0m
[10;1H[38;2;52;152;219;48;2;37;37;38m│[0m[48;2;37;37;38m [0m[38;2;224;224;224;48;2;37;37;38m                                    [0m[48;2;37;37;38m [0m[38;2;52;152;219;48;2;37;37;38m│[0m[38;2;46;204;113;48;2;45;45;45m│[0m[48;2;45;45;45m [0m[38;2;224;224;224;48;2;45;45;45m                                    [0m[48;2;45;45;45m [0m[38;2;46;204;113;48;2;45;45;45m│[0m
[11;1H[38;2;52;152;219;48;2;37;37;38m│[0m[48;2;37;37;38m [0m[38;2;224;224;224;48;2;37;37;38m                                    [0m[48;2;37;37;38m [0m[38;2;52;152;219;48;2;37;37;38m│[0m[38;2;46;204;113;48;2;45;45;45m│[0m[48;2;45;45;45m [0m[38;2;224;224;224;48;2;45;45;45m                                    [0m[48;2;45;45;45m [0m[38;2;46;204;113;48;2;45;45;45m│[0m
[12;1H[38;2;52;152;219;48;2;37;37;38m│[0m[48;2;37;37;38m [0m[38;2;224;224;224;48;2;37;37;38m                                    [0m[48;2;37;37;38m [0m[38;2;52;152;219;48;2;37;37;38m│[0m[38;2;46;204;113;48;2;45;45;45m│[0m[48;2;45;45;45m [0m[38;2;224;224;224;48;2;45;45;45m                                    [0m[48;2;45;45;45m [0m[38;2;46;204;113;48;2;45;45;45m│[0m
[13;1H[38;2;52;152;219;48;2;37;37;38m│[0m[48;2;37;37;38m [0m[38;2;224;224;224;48;2;37;37;38m                                    [0m[48;2;37;37;38m [0m[38;2;52;152;219;48;2;37;37;38m│[0m[38;2;46;204;113;48;2;45;45;45m│[0m[48;2;45;45;45m [0m[38;2;224;224;224;48;2;45;45;45m                                    [0m[48;2;45;45;45m [0m[38;2;46;204;113;48;2;45;45;45m│[0m
[14;1H[38;2;52;152;219;48;2;37;37;38m│[0m[48;2;37;37;38m [0m[38;2;224;224;224;48;2;37;37;38m                                    [0m[48;2;37;37;38m [0m[38;2;52;152;219;48;2;37;37;38m│[0m[38;2;46;204;113;48;2;45;45;45m│[0m[48;2;45;45;45m [0m[38;2;224;224;224;48;2;45;45;45m                                    [0m[48;2;45;45;45m [0m[38;2;46;204;113;48;2;45;45;45m│[0m
[15;1H[38;2;52;152;219;48;2;37;37;38m│[0m[48;2;37;37;38m [0m[38;2;224;224;224;48;2;37;37;38m                                    [0m[48;2;37;37;38m [0m[38;2;52;152;219;48;2;37;37;38m│[0m[38;2;46;204;113;48;2;45;45;45m│[0m[48;2;45;45;45m [0m[38;2;224;224;224;48;2;45;45;45m                                    [0m[48;2;45;45;45m [0m[38;2;46;204;113;48;2;45;45;45m│[0m
[16;1H[38;2;52;152;219;48;2;37;37;38m│[0m[48;2;37;37;38m [0m[38;2;224;224;224;48;2;37;37;38m                                    [0m[48;2;37;37;38m [0m[38;2;52;152;219;48;2;37;37;38m│[0m[38;2;46;204;113;48;2;45;45;45m│[0m[48;2;45;45;45m [0m[38;2;224;224;224;48;2;45;45;45m                                    [0m[48;2;45;45;45m [0m[38;2;46;204;113;48;2;45;45;45m│[0m
[17;1H[38;2;52;152;219;48;2;37;37;38m│[0m[48;2;37;37;38m [0m[38;2;224;224;224;48;2;37;37;38m                                    [0m[48;2;37;37;38m [0m[38;2;52;152;219;48;2;37;37;38m│[0m[38;2;46;204;113;48;2;45;45;45m│[0m[48;2;45;45;45m [0m[38;2;224;224;224;48;2;45;45;45m                                    [0m[48;2;45;45;45m [0m[38;2;46;204;113;48;2;45;45;45m│[0m
[18;1H[38;2;52;152;219;48;2;37;37;38m│[0m[48;2;37;37;38m [0m[38;2;224;224;224;48;2;37;37;38m                                    [0m[48;2;37;37;38m [0m[38;2;52;152;219;48;2;37;37;38m│[0m[38;2;46;204;113;48;2;45;45;45m│[0m[48;2;45;45;45m [0m[38;2;224;224;224;48;2;45;45;45m                                    [0m[48;2;45;45;45m [0m[38;2;46;204;113;48;2;45;45;45m│[0m
[19;1H[38;2;52;152;219;48;2;37;37;38m│[0m[48;2;37;37;38m [0m[38;2;224;224;224;48;2;37;37;38m                                    [0m[48;2;37;37;38m [0m[38;2;52;152;219;48;2;37;37;38m│[0m[38;2;46;204;113;48;2;45;45;45m│[0m[48;2;45;45;45m [0m[38;2;224;224;224;48;2;45;45;45m                                    [0m[48;2;45;45;45m [0m[38;2;46;204;113;48;2;45;45;45m│[0m
[20;1H[38;2;52;152;219;48;2;37;37;38m│[0m[48;2;37;37;38m [0m[38;2;224;224;224;48;2;37;37;38m                                    [0m[48;2;37;37;38m [0m[38;2;52;152;219;48;2;37;37;38m│[0m[38;2;46;204;113;48;2;45;45;45m│[0m[48;2;45;45;45m [0m[38;2;224;224;224;48;2;45;45;45m                                    [0m[48;2;45;45;45m [0m[38;2;46;204;113;48;2;45;45;45m│[0m
[21;1H[38;2;52;152;219;48;2;37;37;38m│[0m[48;2;37;37;38m [0m[38;2;224;224;224;48;2;37;37;38m                                    [0m[48;2;37;37;38m [0m[38;2;52;152;219;48;2;37;37;38m│[0m[38;2;46;204;113;48;2;45;45;45m│[0m[48;2;45;45;45m [0m[38;2;224;224;224;48;2;45;45;45m                                    [0m[48;2;45;45;45m [0m[38;2;46;204;113;48;2;45;45;45m│[0m
[22;1H[38;2;52;152;219;48;2;37;37;38m│[0m[48;2;37;37;38m                                      [0m[38;2;52;152;219;48;2;37;37;38m│[0m[38;2;46;204;113;48;2;45;45;45m│[0m[48;2;45;45;45m                                      [0m[38;2;46;204;113;48;2;45;45;45m│[0m
[23;1H[38;2;52;152;219;48;2;37;37;38m└[0m[38;2;52;152;219;48;2;37;37;38m──────────────────────────────────────[0m[38;2;52;152;219;48;2;37;37;38m┘[0m[38;2;46;204;113;48;2;45;45;45m└[0m[38;2;46;204;113;48;2;45;45;45m──────────────────────────────────────[0m[38;2;46;204;113;48;2;45;45;45m┘[0m
[24;1H[48;2;36;47;56m                                                                                [0m[1;1H[1;71H[48;2;36;47;56m [0m[38;2;224;224;224;48;2;36;47;56m[0m[48;2;36;47;56m        [0m[48;2;36;47;56m [0m
[2;1H[38;2;52;152;219;48;2;37;37;38m┌[0m[38;2;52;152;219;48;2;37;37;38m──────────────────────────────────────[0m[38;2;52;152;219;48;2;37;37;38m┐[0m[2;41H[38;2;46;204;113;48;2;45;45;45m┌[0m[38;2;46;204;113;48;2;45;45;45m──────────────────────────────────────[0m[38;2;46;204;113;48;2;45;45;45m┐[0m
[3;1H[38;2;52;152;219;48;2;37;37;38m│[0m[48;2;37;37;38m                                      [0m[38;2;52;152;219;48;2;37;37;38m│[0m[3;41H[38;2;46;204;113;48;2;45;45;45m│[0m[48;2;45;45;45m                                      [0m[38;2;46;204;113;48;2;45;45;45m│[0m
[4;1H[38;2;52;152;219;48;2;37;37;38m│[0m[48;2;37;37;38m [0m[4;3H[1;38;2;224;224;224;48;2;51;51;51m             [0m[1;38;2;224;224;224;48;2;51;51;51mChat Panel[0m[1;38;2;224;224;224;48;2;51;51;51m             [0m[4;39H[48;2;37;37;38m [0m[38;2;52;152;219;48;2;37;37;38m│[0m[4;41H[38;2;46;204;113;48;2;45;45;45m│[0m[48;2;45;45;45m [0m[4;43H[1;38;2;224;224;224;48;2;51;51;51m             [0m[1;38;2;224;224;224;48;2;51;51;51mWork Panel[0m[1;38;2;224;224;224;48;2;51;51;51m             [0m[4;79H[48;2;45;45;45m [0m[38;2;46;204;113;48;2;45;45;45m│[0m
[5;1H[38;2;52;152;219;48;2;37;37;38m│[0m[48;2;37;37;38m [0m[38;2;224;224;224;48;2;37;37;38m                                    [0m[48;2;37;37;38m [0m[38;2;52;152;219;48;2;37;37;38m│[0m[5;41H[38;2;46;204;113;48;2;45;45;45m│[0m[48;2;45;45;45m [0m[38;2;224;224;224;48;2;45;45;45m                                    [0m[48;2;45;45;45m [0m[38;2;46;204;113;48;2;45;45;45m│[0m
[6;1H[38;2;52;152;219;48;2;37;37;38m│[0m[48;2;37;37;38m [0m[6;3H[38;2;224;224;224;48;2;37;37;38mMessages will appear here...[0m[48;2;37;37;38m        [0m[6;39H[48;2;37;37;38m [0m[38;2;52;152;219;48;2;37;37;38m│[0m[6;41H[38;2;46;204;113;48;2;45;45;45m│[0m[48;2;45;45;45m [0m[6;43H[38;2;224;224;224;48;2;45;45;45mCode and outputs will appear here...[0m[6;79H[48;2;45;45;45m [0m[38;2;46;204;113;48;2;45;45;45m│[0m
[7;1H[38;2;52;152;219;48;2;37;37;38m│[0m[48;2;37;37;38m [0m[7;3H[38;2;224;224;224;48;2;37;37;38m                                    [0m[7;39H[48;2;37;37;38m [0m[38;2;52;152;219;48;2;37;37;38m│[0m[7;41H[38;2;46;204;113;48;2;45;45;45m│[0m[48;2;45;45;45m [0m[7;43H[38;2;224;224;224;48;2;45;45;45m                                    [0m[7;79H[48;2;45;45;45m [0m[38;2;46;204;113;48;2;45;45;45m│[0m
[8;1H[38;2;52;152;219;48;2;37;37;38m│[0m[48;2;37;37;38m [0m[8;3H[38;2;224;224;224;48;2;37;37;38m                                    [0m[8;39H[48;2;37;37;38m [0m[38;2;52;152;219;48;2;37;37;38m│[0m[8;41H[38;2;46;204;113;48;2;45;45;45m│[0m[48;2;45;45;45m [0m[8;43H[38;2;224;224;224;48;2;45;45;45m                                    [0m[8;79H[48;2;45;45;45m [0m[38;2;46;204;113;48;2;45;45;45m│[0m
[9;1H[38;2;52;152;219;48;2;37;37;38m│[0m[48;2;37;37;38m [0m[9;3H[38;2;224;224;224;48;2;37;37;38m                                    [0m[9;39H[48;2;37;37;38m [0m[38;2;52;152;219;48;2;37;37;38m│[0m[9;41H[38;2;46;204;113;48;2;45;45;45m│[0m[48;2;45;45;45m [0m[9;43H[38;2;224;224;224;48;2;45;45;45m                                    [0m[9;79H[48;2;45;45;45m [0m[38;2;46;204;113;48;2;45;45;45m│[0m
[10;1H[38;2;52;152;219;48;2;37;37;38m│[0m[48;2;37;37;38m [0m[10;3H[38;2;224;224;224;48;2;37;37;38m                                    [0m[10;39H[48;2;37;37;38m [0m[38;2;52;152;219;48;2;37;37;38m│[0m[10;41H[38;2;46;204;113;48;2;45;45;45m│[0m[48;2;45;45;45m [0m[10;43H[38;2;224;224;224;48;2;45;45;45m                                    [0m[10;79H[48;2;45;45;45m [0m[38;2;46;204;113;48;2;45;45;45m│[0m
[11;1H[38;2;52;152;219;48;2;37;37;38m│[0m[48;2;37;37;38m [0m[11;3H[38;2;224;224;224;48;2;37;37;38m                                    [0m[11;39H[48;2;37;37;38m [0m[38;2;52;152;219;48;2;37;37;38m│[0m[11;41H[38;2;46;204;113;48;2;45;45;45m│[0m[48;2;45;45;45m [0m[11;43H[38;2;224;224;224;48;2;45;45;45m                                    [0m[11;79H[48;2;45;45;45m [0m[38;2;46;204;113;48;2;45;45;45m│[0m
[12;1H[38;2;52;152;219;48;2;37;37;38m│[0m[48;2;37;37;38m [0m[12;3H[38;2;224;224;224;48;2;37;37;38m                                    [0m[12;39H[48;2;37;37;38m [0m[38;2;52;152;219;48;2;37;37;38m│[0m[12;41H[38;2;46;204;113;48;2;45;45;45m│[0m[48;2;45;45;45m [0m[12;43H[38;2;224;224;224;48;2;45;45;45m                                    [0m[12;79H[48;2;45;45;45m [0m[38;2;46;204;113;48;2;45;45;45m│[0m
[13;1H[38;2;52;152;219;48;2;37;37;38m│[0m[48;2;37;37;38m [0m[13;3H[38;2;224;224;224;48;2;37;37;38m                                    [0m[13;39H[48;2;37;37;38m [0m[38;2;52;152;219;48;2;37;37;38m│[0m[13;41H[38;2;46;204;113;48;2;45;45;45m│[0m[48;2;45;45;45m [0m[13;43H[38;2;224;224;224;48;2;45;45;45m                                    [0m[13;79H[48;2;45;45;45m [0m[38;2;46;204;113;48;2;45;45;45m│[0m
[14;1H[38;2;52;152;219;48;2;37;37;38m│[0m[48;2;37;37;38m [0m[14;3H[38;2;224;224;224;48;2;37;37;38m                                    [0m[14;39H[48;2;37;37;38m [0m[38;2;52;152;219;48;2;37;37;38m│[0m[14;41H[38;2;46;204;113;48;2;45;45;45m│[0m[48;2;45;45;45m [0m[14;43H[38;2;224;224;224;48;2;45;45;45m                                    [0m[14;79H[48;2;45;45;45m [0m[38;2;46;204;113;48;2;45;45;45m│[0m
[15;1H[38;2;52;152;219;48;2;37;37;38m│[0m[48;2;37;37;38m [0m[15;3H[38;2;224;224;224;48;2;37;37;38m                                    [0m[15;39H[48;2;37;37;38m [0m[38;2;52;152;219;48;2;37;37;38m│[0m[15;41H[38;2;46;204;113;48;2;45;45;45m│[0m[48;2;45;45;45m [0m[15;43H[38;2;224;224;224;48;2;45;45;45m                                    [0m[15;79H[48;2;45;45;45m [0m[38;2;46;204;113;48;2;45;45;45m│[0m
[16;1H[38;2;52;152;219;48;2;37;37;38m│[0m[48;2;37;37;38m [0m[16;3H[38;2;224;224;224;48;2;37;37;38m                                    [0m[16;39H[48;2;37;37;38m [0m[38;2;52;152;219;48;2;37;37;38m│[0m[16;41H[38;2;46;204;113;48;2;45;45;45m│[0m[48;2;45;45;45m [0m[16;43H[38;2;224;224;224;48;2;45;45;45m                                    [0m[16;79H[48;2;45;45;45m [0m[38;2;46;204;113;48;2;45;45;45m│[0m
[17;1H[38;2;52;152;219;48;2;37;37;38m│[0m[48;2;37;37;38m [0m[17;3H[38;2;224;224;224;48;2;37;37;38m                                    [0m[17;39H[48;2;37;37;38m [0m[38;2;52;152;219;48;2;37;37;38m│[0m[17;41H[38;2;46;204;113;48;2;45;45;45m│[0m[48;2;45;45;45m [0m[17;43H[38;2;224;224;224;48;2;45;45;45m                                    [0m[17;79H[48;2;45;45;45m [0m[38;2;46;204;113;48;2;45;45;45m│[0m
[18;1H[38;2;52;152;219;48;2;37;37;38m│[0m[48;2;37;37;38m [0m[18;3H[38;2;224;224;224;48;2;37;37;38m                                    [0m[18;39H[48;2;37;37;38m [0m[38;2;52;152;219;48;2;37;37;38m│[0m[18;41H[38;2;46;204;113;48;2;45;45;45m│[0m[48;2;45;45;45m [0m[18;43H[38;2;224;224;224;48;2;45;45;45m                                    [0m[18;79H[48;2;45;45;45m [0m[38;2;46;204;113;48;2;45;45;45m│[0m
[19;1H[38;2;52;152;219;48;2;37;37;38m│[0m[48;2;37;37;38m [0m[19;3H[38;2;224;224;224;48;2;37;37;38m                                    [0m[19;39H[48;2;37;37;38m [0m[38;2;52;152;219;48;2;37;37;38m│[0m[19;41H[38;2;46;204;113;48;2;45;45;45m│[0m[48;2;45;45;45m [0m[19;43H[38;2;224;224;224;48;2;45;45;45m                                    [0m[19;79H[48;2;45;45;45m [0m[38;2;46;204;113;48;2;45;45;45m│[0m
[20;1H[38;2;52;152;219;48;2;37;37;38m│[0m[48;2;37;37;38m [0m[20;3H[38;2;224;224;224;48;2;37;37;38m                                    [0m[20;39H[48;2;37;37;38m [0m[38;2;52;152;219;48;2;37;37;38m│[0m[20;41H[38;2;46;204;113;48;2;45;45;45m│[0m[48;2;45;45;45m [0m[20;43H[38;2;224;224;224;48;2;45;45;45m                                    [0m[20;79H[48;2;45;45;45m [0m[38;2;46;204;113;48;2;45;45;45m│[0m
[21;1H[38;2;52;152;219;48;2;37;37;38m│[0m[48;2;37;37;38m [0m[21;3H[38;2;224;224;224;48;2;37;37;38m                                    [0m[21;39H[48;2;37;37;38m [0m[38;2;52;152;219;48;2;37;37;38m│[0m[21;41H[38;2;46;204;113;48;2;45;45;45m│[0m[48;2;45;45;45m [0m[21;43H[38;2;224;224;224;48;2;45;45;45m                                    [0m[21;79H[48;2;45;45;45m [0m[38;2;46;204;113;48;2;45;45;45m│[0m
[22;1H[38;2;52;152;219;48;2;37;37;38m│[0m[48;2;37;37;38m                                      [0m[38;2;52;152;219;48;2;37;37;38m│[0m[22;41H[38;2;46;204;113;48;2;45;45;45m│[0m[48;2;45;45;45m                                      [0m[38;2;46;204;113;48;2;45;45;45m│[0m
[23;1H[38;2;52;152;219;48;2;37;37;38m└[0m[38;2;52;152;219;48;2;37;37;38m──────────────────────────────────────[0m[38;2;52;152;219;48;2;37;37;38m┘[0m[23;41H[38;2;46;204;113;48;2;45;45;45m└[0m[38;2;46;204;113;48;2;45;45;45m──────────────────────────────────────[0m[38;2;46;204;113;48;2;45;45;45m┘[0m
[24;1H[48;2;36;47;56m                                                                                [0m[1;1H[1;1H[48;2;36;47;56m [0m[38;2;224;224;224;48;2;36;47;56m⭘[0m[38;2;224;224;224;48;2;36;47;56m     [0m[48;2;36;47;56m [0m[38;2;224;224;224;48;2;36;47;56m                          [0m[38;2;224;224;224;48;2;36;47;56mAgenticIDE[0m[38;2;224;224;224;48;2;36;47;56m                          [0m[48;2;36;47;56m [0m[38;2;224;224;224;48;2;36;47;56m[0m[48;2;36;47;56m        [0m[48;2;36;47;56m [0m
[2;1H[38;2;52;152;219;48;2;37;37;38m┌[0m[38;2;52;152;219;48;2;37;37;38m──────────────────────────────────────[0m[38;2;52;152;219;48;2;37;37;38m┐[0m[38;2;46;204;113;48;2;45;45;45m┌[0m[38;2;46;204;113;48;2;45;45;45m──────────────────────────────────────[0m[38;2;46;204;113;48;2;45;45;45m┐[0m
[3;1H[38;2;52;152;219;48;2;37;37;38m│[0m[48;2;37;37;38m                                      [0m[38;2;52;152;219;48;2;37;37;38m│[0m[38;2;46;204;113;48;2;45;45;45m│[0m[48;2;45;45;45m                                      [0m[38;2;46;204;113;48;2;45;45;45m│[0m
[4;1H[38;2;52;152;219;48;2;37;37;38m│[0m[48;2;37;37;38m [0m[1;38;2;224;224;224;48;2;51;51;51m             [0m[1;38;2;224;224;224;48;2;51;51;51mChat Panel[0m[1;38;2;224;224;224;48;2;51;51;51m             [0m[48;2;37;37;38m [0m[38;2;52;152;219;48;2;37;37;38m│[0m[38;2;46;204;113;48;2;45;45;45m│[0m[48;2;45;45;45m [0m[1;38;2;224;224;224;48;2;51;51;51m             [0m[1;38;2;224;224;224;48;2;51;51;51mWork Panel[0m[1;38;2;224;224;224;48;2;51;51;51m             [0m[48;2;45;45;45m [0m[38;2;46;204;113;48;2;45;45;45m│[0m
[5;1H[38;2;52;152;219;48;2;37;37;38m│[0m[48;2;37;37;38m [0m[38;2;224;224;224;48;2;37;37;38m                                    [0m[48;2;37;37;38m [0m[38;2;52;152;219;48;2;37;37;38m│[0m[38;2;46;204;113;48;2;45;45;45m│[0m[48;2;45;45;45m [0m[38;2;224;224;224;48;2;45;45;45m                                    [0m[48;2;45;45;45m [0m[38;2;46;204;113;48;2;45;45;45m│[0m
[6;1H[38;2;52;152;219;48;2;37;37;38m│[0m[48;2;37;37;38m [0m[38;2;224;224;224;48;2;37;37;38mMessages will appear here...[0m[48;2;37;37;38m        [0m[48;2;37;37;38m [0m[38;2;52;152;219;48;2;37;37;38m│[0m[38;2;46;204;113;48;2;45;45;45m│[0m[48;2;45;45;45m [0m[38;2;224;224;224;48;2;45;45;45mCode and outputs will appear here...[0m[48;2;45;45;45m [0m[38;2;46;204;113;48;2;45;45;45m│[0m
[7;1H[38;2;52;152;219;48;2;37;37;38m│[0m[48;2;37;37;38m [0m[38;2;224;224;224;48;2;37;37;38m                                    [0m[48;2;37;37;38m [0m[38;2;52;152;219;48;2;37;37;38m│[0m[38;2;46;204;113;48;2;45;45;45m│[0m[48;2;45;45;45m [0m[38;2;224;224;224;48;2;45;45;45m                                    [0m[48;2;45;45;45m [0m[38;2;46;204;113;48;2;45;45;45m│[0m
[8;1H[38;2;52;152;219;48;2;37;37;38m│[0m[48;2;37;37;38m [0m[38;2;224;224;224;48;2;37;37;38m                                    [0m[48;2;37;37;38m [0m[38;2;52;152;219;48;2;37;37;38m│[0m[38;2;46;204;113;48;2;45;45;45m│[0m[48;2;45;45;45m [0m[38;2;224;224;224;48;2;45;45;45m                                    [0m[48;2;45;45;45m [0m[38;2;46;204;113;48;2;45;45;45m│[0m
[9;1H[38;2;52;152;219;48;2;37;37;38m│[0m[48;2;37;37;38m [0m[38;2;224;224;224;48;2;37;37;38m                                    [0m[48;2;37;37;38m [0m[38;2;52;152;219;48;2;37;37;38m│[0m[38;2;46;204;113;48;2;45;45;45m│[0m[48;2;45;45;45m [0m[38;2;224;224;224;48;2;45;45;45m                                    [0m[48;2;45;45;45m [0m[38;2;46;204;113;48;2;45;45;45m│[0m
[10;1H[38;2;52;152;219;48;2;37;37;38m│[0m[48;2;37;37;38m [0m[38;2;224;224;224;48;2;37;37;38m                                    [0m[48;2;37;37;38m [0m[38;2;52;152;219;48;2;37;37;38m│[0m[38;2;46;204;113;48;2;45;45;45m│[0m[48;2;45;45;45m [0m[38;2;224;224;224;48;2;45;45;45m                                    [0m[48;2;45;45;45m [0m[38;2;46;204;113;48;2;45;45;45m│[0m
[11;1H[38;2;52;152;219;48;2;37;37;38m│[0m[48;2;37;37;38m [0m[38;2;224;224;224;48;2;37;37;38m                                    [0m[48;2;37;37;38m [0m[38;2;52;152;219;48;2;37;37;38m│[0m[38;2;46;204;113;48;2;45;45;45m│[0m[48;2;45;45;45m [0m[38;2;224;224;224;48;2;45;45;45m                                    [0m[48;2;45;45;45m [0m[38;2;46;204;113;48;2;45;45;45m│[0m
[12;1H[38;2;52;152;219;48;2;37;37;38m│[0m[48;2;37;37;38m [0m[38;2;224;224;224;48;2;37;37;38m                                    [0m[48;2;37;37;38m [0m[38;2;52;152;219;48;2;37;37;38m│[0m[38;2;46;204;113;48;2;45;45;45m│[0m[48;2;45;45;45m [0m[38;2;224;224;224;48;2;45;45;45m                                    [0m[48;2;45;45;45m [0m[38;2;46;204;113;48;2;45;45;45m│[0m
[13;1H[38;2;52;152;219;48;2;37;37;38m│[0m[48;2;37;37;38m [0m[38;2;224;224;224;48;2;37;37;38m                                    [0m[48;2;37;37;38m [0m[38;2;52;152;219;48;2;37;37;38m│[0m[38;2;46;204;113;48;2;45;45;45m│[0m[48;2;45;45;45m [0m[38;2;224;224;224;48;2;45;45;45m                                    [0m[48;2;45;45;45m [0m[38;2;46;204;113;48;2;45;45;45m│[0m
[14;1H[38;2;52;152;219;48;2;37;37;38m│[0m[48;2;37;37;38m [0m[38;2;224;224;224;48;2;37;37;38m                                    [0m[48;2;37;37;38m [0m[38;2;52;152;219;48;2;37;37;38m│[0m[38;2;46;204;113;48;2;45;45;45m│[0m[48;2;45;45;45m [0m[38;2;224;224;224;48;2;45;45;45m                                    [0m[48;2;45;45;45m [0m[38;2;46;204;113;48;2;45;45;45m│[0m
[15;1H[38;2;52;152;219;48;2;37;37;38m│[0m[48;2;37;37;38m [0m[38;2;224;224;224;48;2;37;37;38m                                    [0m[48;2;37;37;38m [0m[38;2;52;152;219;48;2;37;37;38m│[0m[38;2;46;204;113;48;2;45;45;45m│[0m[48;2;45;45;45m [0m[38;2;224;224;224;48;2;45;45;45m                                    [0m[48;2;45;45;45m [0m[38;2;46;204;113;48;2;45;45;45m│[0m
[16;1H[38;2;52;152;219;48;2;37;37;38m│[0m[48;2;37;37;38m [0m[38;2;224;224;224;48;2;37;37;38m                                    [0m[48;2;37;37;38m [0m[38;2;52;152;219;48;2;37;37;38m│[0m[38;2;46;204;113;48;2;45;45;45m│[0m[48;2;45;45;45m [0m[38;2;224;224;224;48;2;45;45;45m                                    [0m[48;2;45;45;45m [0m[38;2;46;204;113;48;2;45;45;45m│[0m
[17;1H[38;2;52;152;219;48;2;37;37;38m│[0m[48;2;37;37;38m [0m[38;2;224;224;224;48;2;37;37;38m                                    [0m[48;2;37;37;38m [0m[38;2;52;152;219;48;2;37;37;38m│[0m[38;2;46;204;113;48;2;45;45;45m│[0m[48;2;45;45;45m [0m[38;2;224;224;224;48;2;45;45;45m                                    [0m[48;2;45;45;45m [0m[38;2;46;204;113;48;2;45;45;45m│[0m
[18;1H[38;2;52;152;219;48;2;37;37;38m│[0m[48;2;37;37;38m [0m[38;2;224;224;224;48;2;37;37;38m                                    [0m[48;2;37;37;38m [0m[38;2;52;152;219;48;2;37;37;38m│[0m[38;2;46;204;113;48;2;45;45;45m│[0m[48;2;45;45;45m [0m[38;2;224;224;224;48;2;45;45;45m                                    [0m[48;2;45;45;45m [0m[38;2;46;204;113;48;2;45;45;45m│[0m
[19;1H[38;2;52;152;219;48;2;37;37;38m│[0m[48;2;37;37;38m [0m[38;2;224;224;224;48;2;37;37;38m                                    [0m[48;2;37;37;38m [0m[38;2;52;152;219;48;2;37;37;38m│[0m[38;2;46;204;113;48;2;45;45;45m│[0m[48;2;45;45;45m [0m[38;2;224;224;224;48;2;45;45;45m                                    [0m[48;2;45;45;45m [0m[38;2;46;204;113;48;2;45;45;45m│[0m
[20;1H[38;2;52;152;219;48;2;37;37;38m│[0m[48;2;37;37;38m [0m[38;2;224;224;224;48;2;37;37;38m                                    [0m[48;2;37;37;38m [0m[38;2;52;152;219;48;2;37;37;38m│[0m[38;2;46;204;113;48;2;45;45;45m│[0m[48;2;45;45;45m [0m[38;2;224;224;224;48;2;45;45;45m                                    [0m[48;2;45;45;45m [0m[38;2;46;204;113;48;2;45;45;45m│[0m
[21;1H[38;2;52;152;219;48;2;37;37;38m│[0m[48;2;37;37;38m [0m[38;2;224;224;224;48;2;37;37;38m                                    [0m[48;2;37;37;38m [0m[38;2;52;152;219;48;2;37;37;38m│[0m[38;2;46;204;113;48;2;45;45;45m│[0m[48;2;45;45;45m [0m[38;2;224;224;224;48;2;45;45;45m                                    [0m[48;2;45;45;45m [0m[38;2;46;204;113;48;2;45;45;45m│[0m
[22;1H[38;2;52;152;219;48;2;37;37;38m│[0m[48;2;37;37;38m                                      [0m[38;2;52;152;219;48;2;37;37;38m│[0m[38;2;46;204;113;48;2;45;45;45m│[0m[48;2;45;45;45m                                      [0m[38;2;46;204;113;48;2;45;45;45m│[0m
[23;1H[38;2;52;152;219;48;2;37;37;38m└[0m[38;2;52;152;219;48;2;37;37;38m──────────────────────────────────────[0m[38;2;52;152;219;48;2;37;37;38m┘[0m[38;2;46;204;113;48;2;45;45;45m└[0m[38;2;46;204;113;48;2;45;45;45m──────────────────────────────────────[0m[38;2;46;204;113;48;2;45;45;45m┘[0m
[24;1H[48;2;36;47;56m                                                                                [0m[1;1H[24;1H[1;38;2;255;166;43;48;2;36;47;56m q [0m[38;2;224;224;224;48;2;36;47;56mQuit [0m[24;9H[48;2;36;47;56m                                                            [0m[24;69H[38;2;73;82;89;48;2;36;47;56m▏[0m[1;38;2;255;166;43;48;2;36;47;56m^p[0m[38;2;224;224;224;48;2;36;47;56m palette[0m[48;2;36;47;56m [0m[1;1H[24;1H[1;38;2;255;166;43;48;2;36;47;56m q [0m[38;2;224;224;224;48;2;36;47;56mQuit [0m[24;9H[48;2;36;47;56m                                                            [0m[24;69H[38;2;73;82;89;48;2;36;47;56m▏[0m[1;38;2;255;166;43;48;2;36;47;56m^p[0m[38;2;224;224;224;48;2;36;47;56m palette[0m[48;2;36;47;56m [0m[1;1H